((("many" .
   [1 0 0 0])
  ("result" .
   [2 0 0 0 1 0])
  ("divisor" .
   [7 0 0 0 0 0 0])
  ("tip_percentage" .
   [0 0 0 0 0 0 1 0 0 0 0 0 0 0])
  ("PrintName" .
   [0 0 0 0 0 1 0 0 0])
  ("string" .
   [1 0 0 0 0 0])
  ("printf" .
   [4 0 1 0 0 2])
  ("GetPositiveInt" .
   [0 0 0 1 0 0 0 0 0 0 0 0 0 0])
  ("http" .
   [0 0 2 0])
  ("collection" .
   [0 0 0 0 1 0 0 0 0 0])
  ("br/" .
   [0 0 1])
  ("class=" .
   [1 0 0 0 0 0])
  ("Congress" .
   [1 0 0 0 0 0 0 0])
  ("U.S." .
   [1 0 0 0])
  ("/h5" .
   [2 0 0])
  ("Private" .
   [0 0 0 0 0 0 1])
  ("/p" .
   [6 0])
  ("this" .
   [2 0 0 0])
  ("while" .
   [1 0 0 1 0])
  ("html" .
   [0 0 2 0])
  ("style=" .
   [1 0 1 0 0 1])
  ("type='text/css'" .
   [0 0 0 0 2 0 3 0 0 0 0 0 0 0 0])
  ("type=" .
   [0 0 2 0 0])
  ("body" .
   [1 0 0 0])
  ("head" .
   [0 0 0 1])
  ("header" .
   [1 0 0 0 0 0])
  ("Version" .
   [0 0 0 0 1 0 0])
  ("img" .
   [1 0 0])
  ("width=" .
   [1 0 0 0 0 0])
  ("height=" .
   [1 0 0 0 0 0 0])
  ("background=" .
   [1 0 0 0 0 0 0 0 0 0 0])
  ("align=" .
   [1 0 0 0 0 0])
  ("input" .
   [8 0 0 0 0])
  ("in" .
   [7 0])
  ("i" .
   [4])
  ("test" .
   [4 0 0 0])
  ("power" .
   [4 0 0 0 0])
  ("digit" .
   [4 0 0 0 0])
  ("t" .
   [1])
  ("hello" .
   [2 0 0 0 0])
  ("h" .
   [1])
  ("min" .
   [4 0 0])
  ("s" .
   [2])
  ("number" .
   [3 0 0 0 0 0])
  ("minus" .
   [2 0 0 0 0])
  ("sign" .
   [2 0 0 0])
  ("and" .
   [1 0 0])
  ("first" .
   [1 0 0 0 0])
  ("subtraction" .
   [1 0 0 0 0 0 0 0 0 0 0])
  ("length" .
   [1 0 0 0 0 0])
  ("each" .
   [1 0 0 0])
  ("print_char" .
   [1 0 0 0 0 1 1 0 0 1])
  ("call" .
   [1 0 0 0])
  ("function" .
   [2 0 0 0 0 0 0 0])
  ("print" .
   [5 0 0 0 0])
  ("plus" .
   [3 0 0 0])
  ("ascii" .
   [1 0 0 0 0])
  ("f" .
   [1])
  ("output" .
   [1 0 0 0 0 0])
  ("comma" .
   [3 0 0 0 0])
  ("space" .
   [3 0 0 0 0])
  ("colnum" .
   [5 0 0 0 1 0])
  ("temp" .
   [3 0 0 0])))
